$ANSIBLE_VAULT;1.1;AES256
32326162623330333963316135363938386434303466323338623261343964666361653664333765
3965336261383536383034666136376539616431363162650a313639306265386534613634623136
30386265643061623331626238636431343837653562306337383934643931646330383562616632
3365303039396331640a343561313833363064353039313937343338646264656666616238653336
30656637636530353639613261373439316333396637343433393732376634363130613139393039
37653962356234386437323133366432366235366331396639306234316362386362643264376161
65376138313461633135383338343335343561313737306336343266383439633662626466346666
39636535376266323835323465643932343564363263323037333234303461343331316637616232
37353034653232303930313834366163373031646365333532616362383734636362623131313130
39653561316164373362653262363364393935656235343433626530383738306664666234383666
37323061656663393130396634623139323462333862333739626665333232353131353935633335
63333666656134343162636162623131623565343063343333656165306533353433306462353266
37316634343538633437663438376132353635363232356337613563303264653531363539663463
64343730386332396666656462336434653535383164333862303637393936303132323730626234
346438383137366438333533326634313330
